Before sentiment factor:-
21 	0.6377777777777783 	0.44
22 	0.6111111111111116 	0.56
23 	0.6625 			0.625
24 	0.6133333333333335 	0.44
25 	0.604615384615385 	0.54
26 	0.5114285714285717 	0.5
27 	0.5685714285714287 	0.14
28 	0.6075 			0.625*
29 	0.6190909090909092 	0.59
30 	0.623157894736842 	0.63*
31 	0.4675 			0.375
32 	0.508 			0.6*
33 	0.82 				0.67
34 	0.43799999999999994 	0.6*
35 	0.5088888888888888 	0.44
	8.801475299554248 	7.7749999999999995


After sentiment factor(non absolute):-
21 	0.5844444444444448 	0.44
22 	0.6266666666666671 	0.56
23 	0.69 			0.625
24 	0.617777777777778 	0.44
25 	0.5723076923076926 	0.54
26 	0.5585714285714284 	0.5
27 	0.5571428571428572 	0.14
28 	0.62 			0.625
29 	0.6218181818181817 	0.59
30 	0.5989473684210527 	0.63
31 	0.475 			0.375
32 	0.6640000000000005 	0.6
33 	0.8111111111111111 	0.67
34 	0.42800000000000005 	0.6
35 	0.5622222222222226 	0.44
	8.988009750483437 	7.7749999999999995


After sentiment factor(absolute):-
21 	0.5622222222222225 	0.44
22 	0.6000000000000004 	0.56
23 	0.66875 		0.625
24 	0.6255555555555558 	0.44
25 	0.5876923076923081 	0.54
26 	0.5442857142857144 	0.5
27 	0.537142857142857 	0.14
28 	0.66 			0.625
29 	0.6100000000000001 	0.59
30 	0.5957894736842104 	0.63*
31 	0.465 			0.375
32 	0.5920000000000002 	0.6*
33 	0.7688888888888894 	0.67
34 	0.486 			0.6*
35 	0.5644444444444447 	0.44
	8.867771463916203 	7.7749999999999995

Automated Readability Index :-
21 	0.5955555555555558 	0.44
22 	0.6466666666666672 	0.56
23 	0.68625 		0.625
24 	0.6155555555555556 	0.44
25 	0.5600000000000003 	0.54
26 	0.6000000000000001 	0.5
27 	0.5228571428571428 	0.14
28 	0.6025 			0.625
29 	0.6118181818181819 	0.59
30 	0.6210526315789475 	0.63
31 	0.51 			0.375
32 	0.548 			0.6
33 	0.7422222222222224 	0.67
34 	0.4539999999999999 	0.6
35 	0.5755555555555556 	0.44
	8.89203351180983 		7.7749999999999995

Coleman-Liau Index :-
21 	0.5666666666666669 	0.44
22 	0.6466666666666672 	0.56
23 	0.67375 		0.625
24 	0.6377777777777777 	0.44
25 	0.5615384615384617 	0.54
26 	0.5742857142857144 	0.5
27 	0.5314285714285715 	0.14
28 	0.6325 			0.625
29 	0.6090909090909091 	0.59
30 	0.588421052631579 	0.63
31 	0.46 			0.375
32 	0.6160000000000003 	0.6
33 	0.7422222222222226 	0.67
34 	0.43800000000000006 	0.6
35 	0.5600000000000004 	0.44
	8.838348042308573 	7.7749999999999995

Flesch Kincaid Test :- 
Neural Net Accuracy = 16.972477 (significantly less)

21 	0.4444444444444444 	0.44
22	0.5200000000000001 	0.56
23 	0.565 			0.625
24 	0.5066666666666664 	0.44
25 	0.503076923076923 	0.54
26 	0.4714285714285713 	0.5
27 	0.3428571428571431 	0.14
28 	0.5625 			0.625
29 	0.49545454545454526 	0.59
30 	0.46526315789473677 	0.63
31 	0.3525 			0.375
32 	0.4679999999999999 	0.6
33 	0.7000000000000004 	0.67
34 	0.43 			0.6
35 	0.4088888888888887 	0.44
	7.236080340711919 	7.7749999999999995

Computationally Inefficient to find syllables of all the words

Gunning Fog Index :- 
21 	0.5866666666666671 	0.44
22 	0.5711111111111112 	0.56
23 	0.68375 		0.625
24 	0.617777777777778 	0.44
25 	0.5492307692307696 	0.54
26 	0.5828571428571432 	0.5
27 	0.5342857142857143 	0.14
28 	0.6725 			0.625
29 	0.5963636363636365 	0.59
30 	0.6126315789473683 	0.63
31 	0.4775 			0.375
32 	0.496 			0.6
33 	0.7511111111111114 	0.67
34 	0.4340000000000001 	0.6
35 	0.5355555555555559 	0.44
	8.701341063906856 	7.7749999999999995

Both angular and radial theme similarity :-

21 	0.6111111111111116 	0.44
22 	0.6111111111111116 	0.56
23 	0.6925 			0.625
24 	0.6066666666666668 	0.44
25 	0.6153846153846159 	0.54
26 	0.5671428571428572 	0.5
27 	0.5457142857142858 	0.14
28 	0.645 			0.625
29 	0.6209090909090912 	0.59
30 	0.6242105263157894 	0.63
31 	0.4825 			0.375
32 	0.6040000000000004 	0.6
33 	0.8155555555555556 	0.67
34 	0.528 			0.6
35 	0.531111111111111 	0.44
9.100916931022196 7.7749999999999995










Other Results:-
1.) Cohesion and Readability Factor
21 	0.48222222222222205 	0.44
22 	0.5688888888888893 	0.56
23 	0.61875 			0.625
24 	0.5755555555555557 	0.44
25 	0.48923076923076925 	0.54
26 	0.5214285714285715 	0.5
27 	0.4 				0.14
28 	0.5875 			0.625
29 	0.5172727272727272 	0.59
30 	0.5021052631578946 	0.63
31 	0.375 			0.375
32 	0.4079999999999998 	0.6
33 	0.6622222222222227 	0.67
34 	0.36599999999999994	0.6
35 	0.3999999999999999 	0.44
	7.474176219978853 	7.7749999999999995


2.) 1 + Aggregate Similarity
21 	0.4511111111111111 	0.44
22 	0.5311111111111111 	0.56
23 	0.625 			0.625
24 	0.581111111111111 	0.44
25 	0.6046153846153851 	0.54
26 	0.47571428571428576 	0.5
27 	0.3114285714285716 	0.14
28 	0.565 			0.625
29 	0.5854545454545457 	0.59
30 	0.5863157894736842 	0.63
31 	0.415 			0.375
32 	0.5400000000000003 	0.6
33 	0.7111111111111115 	0.67
34 	0.4 				0.6
35 	0.4511111111111109 	0.44
	7.834084132242028 	7.7749999999999995


3.) 1 + Sentence Position
21 	0.6400000000000005 	0.44
22 	0.6111111111111116 	0.56
23 	0.66875 			0.625
24 	0.6111111111111112 	0.44
25 	0.5953846153846158 	0.54
26 	0.5471428571428572 	0.5
27 	0.5542857142857144 	0.14
28 	0.5775 			0.625
29 	0.6154545454545456 	0.59
30 	0.608421052631579 	0.63
31 	0.3675 			0.375
32 	0.368 			0.6
33 	0.744444444444445 	0.67
34 	0.446 			0.6
35 	0.5777777777777778 	0.44
	8.532883229343758 	7.7749999999999995




4.) 1 + Sentence Position + Aggregate Similarity
21 	0.6155555555555559 	0.44
22 	0.6088888888888895 	0.56
23 	0.6825 			0.625
24 	0.6433333333333334 	0.44
25 	0.5861538461538465 	0.54
26 	0.5785714285714284 	0.5
27 	0.4457142857142857 	0.14
28 	0.6125 			0.625
29 	0.611818181818182 	0.59
30 	0.6084210526315792 	0.63
31 	0.4475 			0.375
32 	0.424 			0.6
33 	0.8333333333333333 	0.67
34 	0.4060000000000001 	0.6
35 	0.5244444444444445 	0.44
	8.628734350444878 	7.7749999999999995



5.) 4 + Radial Theme Similarity
21 	0.6288888888888895 	0.44
22 	0.635555555555556 	0.56
23 	0.67875 			0.625
24 	0.5955555555555557 	0.44
25 	0.5815384615384618 	0.54
26 	0.5385714285714287 	0.5
27 	0.5342857142857145 	0.14
28 	0.6175 			0.625
29 	0.610909090909091 	0.59
30 	0.6021052631578949 	0.63
31 	0.3825 			0.375
32 	0.6040000000000003 	0.6
33 	0.7555555555555559 	0.67
34 	0.45600000000000007 	0.6
35 	0.5555555555555558 	0.44
	8.777271069573702 	7.7749999999999995



6.) 4 + Angular Theme Similarity
21 	0.6044444444444448 	0.44
22 	0.6400000000000006 	0.56
23 	0.6725 			0.625
24 	0.6277777777777779 	0.44
25 	0.6000000000000005 	0.54
26 	0.5385714285714286 	0.5
27 	0.5314285714285716 	0.14
28 	0.6225 			0.625
29 	0.6063636363636364 	0.59
30 	0.6221052631578947 	0.63
31 	0.39 				0.375
32 	0.496 			0.6
33 	0.8555555555555556 	0.67
34 	0.39800000000000013 	0.6
35 	0.5222222222222223 	0.44
	8.727468899521533 	7.7749999999999995



7.) 4 + Angular Theme Similarity + Radial Theme Similarity
21 	0.6400000000000005 	0.44
22 	0.6088888888888894 	0.56
23 	0.6825 			0.625
24 	0.6144444444444446 	0.44
25 	0.5969230769230773 	0.54
26 	0.5385714285714286 	0.5
27 	0.5857142857142857 	0.14
28 	0.5925 			0.625
29 	0.6036363636363639 	0.59
30 	0.5957894736842104 	0.63
31 	0.4575 			0.375
32 	0.49599999999999994 	0.6
33 	0.7822222222222223 	0.67
34 	0.48200000000000004 	0.6
35 	0.54 				0.44
	8.816690184084923 	7.7749999999999995


8.) All:-
21 	0.6111111111111116 	0.44
22 	0.6111111111111116 	0.56
23 	0.6925 			0.625
24 	0.6066666666666668 	0.44
25 	0.6153846153846159 	0.54
26 	0.5671428571428572 	0.5
27 	0.5457142857142858 	0.14
28 	0.645 			0.625
29 	0.6209090909090912 	0.59
30 	0.6242105263157894 	0.63
31 	0.4825 			0.375
32 	0.6040000000000004 	0.6
33 	0.8155555555555556 	0.67
34 	0.528 			0.6
35 	0.531111111111111 	0.44
	9.100916931022196 	7.7749999999999995




